111111111111111111111111111111111111111111111111111111111111111111111111111111111111111111111111111
111001110100000001011100101001000101001111111111011111011011101100001101100101100001000001010110011
110000001100010000000000000010001000101000000011001010000010100100001000001000000010101000000000001
100000000000000000000000000000001000000000000000000000000000000000010000000000000010000000000000011
110000100000000001000000000000000000000000000000000000000000000000000000000000000010000000000001101
110000000000000000000000000000000000000000000000000000000000000000000000000000000000000000000000001
101000000000000000000000000000000000000000000000000000000000000000000000000000000000000000000000001
100000000000000000000000000000000000000000000000000000000000000000000000000000000000000000000000001
101000000000000000000000000000000000000000000000000000000000000000000000000000000000000000000010101
100000000000000000000000000000000000000000000000000000000000000000000000000000000000000000000000001
100000000000000000000000000000000000000000000000000000000000000000000000000000000000000000000000001
100000000000000000000000000000000000000000000000000000000000000000000000000000000000000000000000001
111000000000000000000000000000000000000000000000000000000000000000000000000000000000000000000000001
100000000000000000000000000000000000000000000000000000000000000000000000000000000000000000000010101
100000000000000000000000000000000000000000000000000000000000000000000000000000000000000000000000101
100000000000000000000000000000000000000000000000000000000000000000000000000000000000000000000000001
100000000000000000000000000000000000000000000000000000000000000000000000000000000000000000000000001
110000000000000000000000000000000000000000000000000000000000000000000000000000000000000000000000011
100000000000000000000000000000000000000000000000000000000000000000000000000000000000000000000000001
100000000000000000000000000000000000000000000000000000000000000000000000000000000000000000000000001
101000000000000000000000000000000000000000000000000000000000000000000000000000000000000000000000011
100000000000000000000000000000000000000000000000000000000000000000000000000000000000000000000000001
111000000000000000000000000000000000000000000000000000000000000000000000000000000000000000000000111
111000000000000000000000000000000000000000000000000000000000000000000000000000000000000000000000011
111000000000000000000000000000000000000000000000000000000000000000000000000000000000000000000000101
100000000000000000000000000000000000000000000000000000000000000000000000000000000000000000000000011
110000000000000000000000000000000000000000000000000000000000000000000000000000000000000000000000011
110000000000000000000000000000000000000000000000000000000000000000000000000000000000000000000000011
100000000000000000000000000000000000000000000000000000000000000000000000000000000000000000000000001
100000000000000000000000000000000000000000000000000000000000000000000000000000000000000000000000011
100000000000000000000000000000000000000000000000000000000000000000000000000000000000000000000000011
111000000000000000000000000000000000000000000000000000000000000000000000000000000000000000000000001
100000000000000000000000000000000000000000000000000000000000000000000000000000000000000000000000001
100000000000000000000000000000000000000000000000000000000000000000000000000000000000000000000000011
101000000000000000000000000000000000000000000000000000000000000000000000000000000000000000000000111
110000000000000000000000000000000000000000000000000000000000000000000000000000000000000000000000001
100000000000000000000000000000000000000000000000000000000000000000000000000000000000000000000000011
101100000000000000000000000000000000000000000000000000000000000000000000000000000000000000000000001
110000000000000000000000000000000000000000000000000000000000000000000000000000000000000000000000001
110000000000000000000000000000000000000000000000000000000000000000000000000000000000000000000000011
100000000000000000000000000000000000000000000000000000000000000000000000000000000000000000000000011
111000000000000000000000000000000000000000000000000000000000000000000000000000000000000000000000001
110000000000000000000000000000000000000000000000000000000000000000000000000000000000000000000000111
101000000000000000000000000000000000000000000000000000000000000000000000000000000000000000000000001
100000000000000000000000000000000000000000000000000000000000000000000000000000000000000000000000011
110000000000000000000000000000000000000000000000000000000000000000000000000000000000000000000000011
110000000000000000000000000000000000000000000000000000000000000000000000000000000000000000000000011
110000000000000000000000000000000000000000000000000000000000000000000000000000000000000000000000011
110110000000000000000000000000000000000000000000000000000000000000000000000000000000000000000000001
100000000000000000000000000000000000000000000000000000000000000000000000000000000000000000000000011
110000000000000000000000000000000000000000000000000000000000000000000000000000000000000000000000001
100000000000000000000000000000000000000000000000000000000000000000000000000000000000000000000000011
100000000000000000000000000000000000000000000000000000000000000000000000000000000000000000000000011
110000000000000000000000000000000000000000000000000000000000000000000000000000000000000000000000001
101100000000000000000000000000000000000000000000000000000000000000000000000000000000000000000000011
110000000000000000000000000000000000000000000000000000000000000000000000000000000000000000000000001
100000000000000000000000000000000000000000000000000000000000000000000000000000000000000000000000001
101101000000000000000000000000000000000000000000000000000000000000000000000000000000000000000000001
101100000000000000000000000000000000000000000000000000000000000000000000000000000000000000000000001
101000000000000000000000000000000000000000000000000000000000000000000000000000000000000000000000001
101100000000000000000000000000000000000000000000000000000000000000000000000000000000000000000000001
100000000000000000000000000000000000000000000000000000000000000000000000000000000000000000000000001
100000000000000000000000000000000000000000000000000000000000000000000000000000000000000000000000011
100100000000000000000000000000000000000000000000000000000000000000000000000000000000000000000000011
101000000000000000000000000000000000000000000000000000000000000000000000000000000000000000000000001
110100000000000000000000000000000000000000000000000000000000000000000000000000000000000000000001001
110000000000000000000000000000000000000000000000000000000000000000000000000000000000000000000010001
110000000000000000000000000000000000000000000000000000000000000000000000000000000000000000000000101
100000000000000000000000000000000000000000000000000000000000000000000000000000000000000000000000011
111000000000000000000000000000000000000000000000000000000000000000000000000000000000000000000000111
100000000000000000000000000000000000000000000000000000000000000000000000000000000000000000000000011
110000000000000000000000000000000000000000000000000000000000000000000000000000000000000000000000011
110000000000000000000000000000000000000000000000000000000000000000000000000000000000000000000000011
100100000000000000000000000000000000000000000000000000000000000000000000000000000000000000000000001
100000000000000000000000000000000000000000000000000000000000000000000000000000000000000000000000001
100000000000000000000000000000000000000000000000000000000000000000000000000000000000000000000000011
110000000000000000000000000000000000000000000000000000000000000000000000000000000000000000000000011
100000000000000000000000000000000000000000000000000000000000000000000000000000000000000000000000001
100100000000000000000000000000000000000000000000000000000000000000000000000000000000000000000000101
100000000000000000000000000000000000000000000000000000000000000000000000000000000000000000000001101
100000000000000000000000000000000000000000000000000000000000000000000000000000000000000000000000111
100000000000000000000000000000000000000000000000000000000000000000000000000000000000000000000000011
100000000000000000000000000000000000000000000000000000000000000000000000000000000000000000000000001
110000000000000000000000000000000000000000000000000000000000000000000000000000000000000000000000011
110000000000000000000000000000000000000000000000000000000000000000000000000000000000000000000000001
100000000000000000000000000000000000000000000000000000000000000000000000000000000000000000000000011
100000000000000000000000000000000000000000000000000000000000000000000000000000000000000000000000001
111000000000000000000000000000000000000000000000000000000000000000000000000000000000000000000000001
100000000000000000000000000000000000000000000000000000000000000000000000000000000000000000000000001
110000000000000000000000000000000000000000000000000000000000000000000000000000000000000000000000001
111000000000000000000000000000000000000000000000000000000000000000000000000000000000000000000000011
100000000000000000000000000000000000000000000000000000000000000000000000000000000000000000000000011
100000000000000000000000000000000000000000000000000000000000000000000000000000000000000000000000001
101000000000000000000000000000000000000000000000000000000000000000010000000000000000000000000000011
101100000000000000000000000000000000000000000000000000000000000000000000000000000000000000000000011
110000000000000000000001000100000000000000000000000010000100000000010100000000000001000000000010011
111000000010100100000001000111010100001010100000010000000110000000000001100000000000100000010001011
111000011001000001010001110101010011000000001010110101001000001001111100001000100001110010101110101
111111111111111111111111111111111111111111111111111111111111111111111111111111111111111111111111111